-694
153
-325
116
-156
-420
-909
-64
682
224
420
-201
-811
-288
175
-967
-887
14
721
-480
-89
144
-568
915
413
297
248
-99
874
893
733
-667
746
724
-300
-985
-280
-157
21
571
-910
703
-945
-399
48
908
-520
-779
486
-931
169
652
-380
-653
-658
-449
445
570
-33
-616
-318
115
-846
7
452
843
-761
-16
817
-876
542
-974
817
581
-679
966
-785
-382
-877
909
421
123
-489
-892
-432
-260
752
326
-37
139
321
-85
-379
-474
-461
-141
111
918
158
393
296
-299
-824
-691
-396
-540
-671
-319
-87
219
493
797
302
130
-93
-47
-704
-276
-125
-753
-245
780
-479
-98
254
-586
-336
511
834
956
-555
-104
8
276
-168
27
857
813
905
-604
-713
212
-230
777
428
-442
911
-54
168
-769
342
-314
395
-68
-194
-112
374
180
-484
-228
-47
526
723
278
440
369
-966
-863
525
-991
983
393
-691
918
679
63
-644
892
-950
-691
-970
-669
569
961
-404
494
691
-289
-39
854
-932
-79
293
930
862
-874
-148
-207
-46
-251
135
825
-642
-340
700
-225
766
663
-692
-544
-633
45
959
-933
-260
895
-343
-796
-471
62
140
-445
-366
933
-547
-737
-618
699
526
-491
-971
37
-984
886
-951
976
-582
-581
646
-619
464
83
699
-465
388
-28
-42
616
-727
-994
657
678
955
-969
198
-933
257
-418
-833
-887
398
310
951
-65
868
-322
422
63
-981
637
-598
-538
-140
-512
-688
-702
905
-763
663
482
798
-158
-646
-232
-597
-676
402
164
436
649
925
-503
375
-226
-51
730
-12
531
587
-593
477
-642
-515
-594
175
-324
-803
766
-353
-289
826
170
-898
-298
-885
-261
899
-475
-407
-936
428
78
-627
575
710
897
-121
-572
306
-897
79
902
705
-952
-527
643
-351
-8
902
795
-940
-935
686
-748
196
-814
-889
-159
-281
399
453
-441
-478
-68
-643
932
-530
184
-950
-969
-486
-848
228
-187
-635
480
-6
962
853
275
-289
826
195
695
-613
-930
-830
771
73
829
183
-52
751
21
-849
953
927
-320
557
711
606
869
-12
445
-648
712
330
98
-685
972
-788
675
-290
-140
250
-808
968
129
284
30
679
-129
-132
250
-171
767
407
-941
-815
-835
205
987
-395
-323
567
-832
-613
-808
201
-745
-671
-979
-558
-245
-592
-748
615
-768
580
791
-999
159
-13
59
-40
221
-280
-667
-444
142
-444
881
-355
-954
-777
370
542
665
670
177
573
724
249
-485
203
-982
598
578
815
-729
-828
-194
777
569
553
240
-964
825
327
-574
-332
428
-672
245
572
296
55
88
-373
-85
508
675
-420
-785
364
-809
279
-545
229
-1
-698
236
-408
-677
-996
24
672
806
349
713
-551
-576
-925
-516
905
1
-894
-497
-162
-102
-202
861
-461
-37
282
-679
-254
963
-301
-942
-594
-22
598
-795
466
-587
-265
150
137
535
276
128
-717
136
307
436
838
848
-325
-575
-133
-531
175
-428
643
-695
500
-715
-18
-928
184
-185
638
144
-688
-469
-136
347
872
720
-337
931
738
-699
714
77
-583
-977
355
752
67
-255
202
-112
-593
-183
-229
278
741
39
145
-943
-628
901
271
780
707
-232
-722
413
120
-989
-34
1000
521
581
862
84
-469
-87
-134
-195
-671
639
47
921
394
-62
-386
-981
-664
-828
63
-401
269
507
-345
-676
286
702
163
-42
556
144
-616
-151
459
55
559
296
-437
-487
230
149
-365
-694
895
580
-359
355
-944
887
386
-895
908
29
430
-577
-111
755
549
43
-468
-843
116
-130
938
-177
-26
-365
-35
-423
97
651
222
560
962
629
765
-821
-129
373
881
-235
94
915
-156
-837
-896
-181
700
565
4
411
-422
-103
-750
900
875
-731
-977
622
-906
137
848
334
264
345
193
-546
-767
-730
-335
-278
-127
792
-793
362
314
-139
413
-776
-449
410
947
71
-241
-122
704
689
917
-330
-341
779
499
354
83
-228
-339
-371
-36
289
-206
866
599
-471
-814
506
-207
-272
210
-766
506
232
554
395
-213
612
-470
-609
-248
-312
-526
-164
-353
434
-455
-280
789
591
590
167
-476
-835
276
-101
166
787
-34
-430
183
-345
-462
-660
256
-595
-413
-430
698
-660
-215
-418
297
282
-188
810
270
-531
904
402
215
-129
-316
-87
785
-199
794
-482
-260
196
-492
-574
-711
-397
-786
-255
487
-197
-310
633
797
-524
-271
-624
268
361
-479
-592
-758
865
925
765
140
-205
-145
-590
507
-129
397
-4
-192
-962
-996
690
403
90
-475
913
-25
678
-648
-1000
566
-144
856
836
967
-177
2
-268
656
-188
532
-991
-590
-7
-214
474
823
491
298
19
-826
-224
909
506
-979
-785
337
-15
488
701
-926
-249
-109
181
-179
760
546
-760
771
206
956
160
302
-25
434
-915
609
412
-776
141
237
-800
-916
721
574
-509
63
-81
75
119
-544
194
-242
-264
453
-3
803
576
707
-641
-486
919
81
143
-666
233
-686
242
-379
87
957
796
105
57
-992
-43
173
233
-395
639
815
-789
450
774
-475
-228
318
613
-475
896
-468
39
399
128
-955
232
-412
687
-624
246
-673
-167
974
-817
643
616
139
-39
948
370
-425
547
-836
-442
-535
-128
159
593
884
-359
-982
-280
-745
-471
504
-542
-295
458
-882
-493
501
150
-171
-811
-533
-548
-699
-499
348
-513
-71
-714
-608
-744
293
-949
-92
-371
75
792
896
-444
861
-719
-189
308
583
304
-672
50
476
-785
733
352
-428
647
-879
0
779
206
682
479
-949
421
-985
-732
-886
362
405
0
990
45
-514
-558
456
383
-631
413
280
187
-442
-972
-272
-402
-34
21
83
547
591
-397
-576
837
618
340
-162
-737
-286
-500
542
-779
505
-312
240
-284
-136
771
-322
-440
2
-493
-321
-98
-628
558
-260
-595
-938
-881
-940
-522
756
24
-461
158
-228
836
132
494
334
805
18
-996
-781
-376
-35
711
806
-885
972
386
815
-30
901
628
-389
452
361
-12
509
337
347
631
-589
610
273
-261
-1
-502
-155
256
22
720
246
-489
463
-902
681
449
781
332
-545
-314
457
290
695
-983
366
30
-355
863
-58
236
669
-536
-342
912
383
-881
698
481
-60
485
520
716
566
-549
-848
731
82
158
-300
648
-221
66
-304
623
-802
-339
871
-482
734
3
-657
944
-842
-798
29
559
-104
-744
-173
335
440
-948
903
171
-169
-276
-533
-79
212
640
515
472
-113
-904
-340
-70
-700
463
911
-597
268
-530
-897
69
-670
944
835
374
417
-90
-989
549
-771
-751
95
119
750
-219
-65
879
-121
760
611
-688
370
-986
563
-404
477
-842
-845
219
421
832
-680
-70
-810
734
-440
409
219
-896
135
250
-162
-801
717
662
545
684
-349
116
546
-611
-516
-473
596
594
-633
854
-343
383
-289
185
-804
620
-814
-298
-760
-662
-80
-946
-484
-315
-206
-764
-850
-334
184
-931
-51
491
620
-394
925
-215
-121
-768
-755
-1000
674
824
879
-79
-788
-637
968
38
284
-206
-993
526
-752
826
871
-183
205
438
-929
-963
710
-308
-254
-753
918
300
495
-435
-624
-202
700
-361
685
-236
-867
-780
154
-733
804
268
-658
-295
-911
-972
-666
415
845
374
562
599
714
975
911
-183
670
865
-452
912
-25
-438
-164
69
574
207
122
-596
685
826
633
478
419
199
-537
655
-74
478
296
-262
512
539
-662
-56
911
717
615
735
-820
224
226
-306
376
-971
386
0
-150
-969
905
524
-630
675
409
-969
652
-847
-522
721
-386
-937
-889
-37
207
91
-921
-400
655
541
-309
-10
-69
-407
616
-567
-370
17
-319
-724
-807
796
660
-692
-972
235
174
221
265
519
-362
266
234
-547
-928
-888
-142
597
-27
-546
-199
-841
-950
-70
128
-515
203
-578
-305
197
575
198
878
617
-885
-796
-507
181
102
997
913
577
643
211
-160
701
-201
-452
-589
-271
-5
523
718
170
36
-838
905
128
-775
-268
274
538
191
-442
-262
-611
167
363
-516
987
-247
-694
-763
981
-881
-236
283
985
-21
549
-709
-911
104
-56
744
-762
490
677
114
-447
779
-236
449
341
573
-115
337
-651
637
-66
523
499
104
-127
665
-97
-758
364
-454
-553
-835
-765
-342
238
115
847
748
602
543
-924
411
393
157
-452
-441
-715
256
-493
485
774
65
-881
909
-338
-663
935
223
716
-210
107
-997
549
-526
-236
-503
-554
591
-79
576
567
-557
241
929
884
-841
968
-186
850
919
-824
-40
844
-675
-924
-337
-281
413
484
-72
617
-298
42
380
985
48
-844
-48
87
-87
37
-431
-619
-983
-666
-976
396
-892
-762
-45
538
433
515
509
-595
-219
-286
456
-812
953
-858
632
995
751
-504
-890
513
-517
-678
2
-406
-677
89
-226
-730
-240
-155
735
-688
231
-347
-831
336
-98
-430
-225
249
563
-307
-210
-41
254
-83
-22
577
799
-42
-137
-4
244
443
-40
-106
-755
-467
-748
-542
852
-365
-472
454
-986
413
-5
995
-942
684
-743
476
-610
-860
98
116
746
-668
-33
-843
15
15
-24
691
64
-502
-291
50
19
545
-866
-487
490
-906
-67
-575
-780
1
291
55
281
817
526
635
447
-46
-909
-208
-590
-933
-892
639
-875
-784
-759
-929
-192
-398
605
-606
367
190
-362
2
-213
-715
-604
881
705
576
-140
973
991
-113
855
937
-575
669
-713
976
17
-420
587
-697
963
-349
116
668
-962
674
-400
907
675
361
-475
859
718
-269
-99
566
-683
681
-732
-923
-896
-607
114
508
-152
413
-987
-729
-929
695
872
-609
837
981
-539
68
-542
-511
946
-859
136
-228
245
-897
-666
-785
-322
-570
-842
72
179
994
-210
-605
371
-377
650
891
369
-49
649
-977
-715
-432
942
-102
-136
-691
491
-602
-158
-94
274
104
846
24
396
-311
-206
24
-46
-648
911
55
-19
449
-562
949
44
-867
-691
-577
523
266
914
781
-370
-575
-801
924
-245
678
-651
402
944
-592
-585
-840
-655
-814
-957
620
857
119
-414
937
748
6
-87
466
477
804
-386
50
-417
-524
-529
-360
518
-594
-572
-264
-425
207
-234
-546
419
-119
-249
934
670
-938
-225
-531
-801
-123
-849
398
191
294
-316
43
956
-132
783
-406
-738
411
834
0
-221
448
800
-237
-475
-705
581
86
-963
996
871
792
-309
487
277
-719
-870
489
587
449
-393
-80
-984
916
467
924
-396
841
825
202
-520
303
622
370
9
-249
576
242
180
-433
-671
41
-667
-797
-570
-894
-933
466
-528
370
-539
370
-560
-883
-993
-457
753
-746
-594
353
372
54
421
798
-742
-952
-122
902
-752
-82
-406
-138
297
891
-673
-276
975
-654
868
-825
-244
744
654
72
612
-727
531
537
287
441
762
471
756
-565
-628
-340
926
-525
484
-351
-94
-679
22
-967
622
-503
-519
-528
-354
-786
650
264
-99
-790
-732
520
-557
850
-815
-798
494
-765
180
969
979
-62
562
-810
-725
431
-266
-432
-21
394
-46
-766
524
581
944
453
163
540
599
-19
-121
-654
711
-764
663
811
543
-583
-282
-224
-121
671
118
-108
-597
-402
-935
858
452
526
-537
121
902
-193
953
-894
257
-300
488
666
-943
-474
466
770
985
-632
-240
528
909
488
-385
-894
428
495
881
-325
227
657
84
-719
658
-730
-846
-27
-195
-611
-196
991
-800
-530
216
-321
685
-705
-99
-674
-751
945
-320
812
-284
596
514
21
-214
-915
-334
-383
286
727
895
831
-546
116
352
816
837
-960
-958
18
897
465
971
326
320
904
-211
-671
-549
262
398
414
467
407
-830
13
611
877
-845
851
-71
-54
-938
-181
-20
293
-408
533
-563
-215
161
764
377
-43
193
545
-28
68
397
-351
642
-397
-571
494
314
875
804
857
951
-118
697
931
-73
-748
804
-572
900
-722
-606
268
-134
-838
-598
-912
-995
840
-673
516
-599
472
817
-373
-169
460
733
-249
981
-63
297
-649
-1000
-447
275
805
700
137
-542
867
-636
293
-325
198
525
404
616
73
581
286
902
880
60
482
-865
-752
-607
-460
-414
410
563
-826
964
-248
724
-788
-289
45
960
24
359
-886
936
-874
193
-832
-613
451
240
-79
628
-321
632
982
193
424
-778
-832
243
-400
-195
-539
16
-609
689
124
620
340
884
496
-976
439
566
-129
-607
977
964
540
-78
-218
398
217
96
-122
340
118
-506
239
943
385
119
-97
-694
-983
-965
-239
936
114
954
-980
394
906
136
-449
-184
-965
-409
475
862
-677
-576
-648
-668
433
704
153
293
849
245
132
223
-832
503
47
167
652
819
905
260
510
-895
996
125
-780
-563
38
276
62
840
512
-913
-342
-529
-28
280
-519
677
-28
-997
-584
784
816
1000
330
598
916
-447
-64
918
-315
-762
394
-226
733
36
658
-448
-541
-553
57
-51
-204
10
-119
-636
-578
-915
-556
360
342
-222
-973
785
445
-614
-182
123
847
-450
128
-146
131
19
538
889
901
207
286
729
26
760
41
-246
-459
258
-898
-852
740
994
912
451
147
795
-555
-633
-587
-236
-886
811
-361
-822
722
227
856
738
-557
-448
-199
-282
343
-394
-410
55
-897
19
490
-398
198
216
483
12
-381
-604
-570
-712
493
-129
-533
878
512
-840
16
907
339
190
840
979
-266
775
138
-812
-865
725
665
-744
304
-35
973
-453
-164
791
120
656
-160
-869
255
820
-974
163
-192
68
-471
357
-485
892
31
-130
-478
-448
787
-365
-418
-228
-151
252
682
-432
81
-187
921
379
-310
871
-393
476
708
461
25
329
-544
-823
161
131
11
236
695
-643
870
-231
808
-862
-577
785
-175
-590
-448
687
-329
783
166
651
259
-177
-562
88
134
-690
-708
-719
-144
370
-98
-931
665
-365
139
-81
454
-874
600
-244
-419
604
484
360
-999
852
689
-387
811
551
69
376
-579
17
-309
-833
-148
-355
261
953
-763
-163
-679
-277
-455
-689
-946
-188
261
26
977
-675
680
754
385
251
810
-238
-195
-850
175
715
156
-538
-348
-565
123
-670
-683
598
-845
247
-391
-887
-901
-325
-953
-343
-536
214
725
126
183
892
576
707
726
875
-128
430
92
726
-937
241
-306
-147
778
-4
114
180
-495
-573
948
268
174
456
319
69
497
-9
-350
730
247
-301
838
-329
914
-153
-902
-178
744
769
-112
592
449
-910
83
68
-708
-178
-895
-588
-921
-126
-24
-94
510
141
348
999
869
-964
835
837
-916
955
-205
231
-325
-644
452
-730
-512
869
-112
-503
-356
-282
-418
-346
561
-320
950
342
397
-72
943
327
-881
19
-137
-330
-238
509
-942
-976
-610
-829
-89
570
-396
-889
-642
-223
748
-588
-497
-805
506
-293
424
41
-890
-721
-522
203
438
-362
-798
920
154
-845
-375
30
993
919
-105
918
374
-414
-360
-425
-245
840
195
-976
-8
-267
364
964
-611
957
-146
-306
-69
-133
-754
-50
-775
353
103
-911
-233
-239
438
-906
-601
208
-203
-370
90
-152
121
563
-723
-521
724
401
191
770
967
655
-921
-316
976
250
724
866
-372
697
-318
-442
-845
515
-311
-375
204
8
773
963
449
966
-308
-790
125
707
-929
-575
-411
692
465
514
-991
-667
-80
-349
928
-715
-668
-941
-332
885
166
-167
726
-794
766
437
-437
-874
67
-241
823
-663
219
351
679
633
408
-670
-390
612
585
-555
49
-991
-263
153
269
310
-521
-254
696
728
-357
-466
-108
-15
-372
-479
-604
-980
213
764
965
-138
521
-390
-755
-102
-414
170
-37
127
865
504
-603
-352
-150
-610
-783
-244
417
-463
-505
825
-278
279
-161
-453
621
-35
48
-242
-155
-468
525
-99
-724
45
-720
-755
-407
837
175
236
-405
831
-382
-203
-136
-626
559
319
-623
-238
31
-536
-480
-834
-993
-581
447
517
-707
-98
940
-744
257
-895
293
-861
-431
-287
-803
699
-899
-470
187
316
815
-138
665
432
-128
257
136
-481
777
72
552
387
259
-585
-698
457
-463
-562
882
-917
-600
190
-270
858
-794
-805
349
667
64
-65
-99
-741
-311
395
-404
470
-767
-409
-76
847
824
-989
-880
-612
678
934
429
437
666
-811
385
-221
-386
-739
299
791
455
405
237
270
512
415
-80
-275
-53
-806
774
578
181
630
725
-501
-19
57
-721
89
409
-704
374
840
665
969
134
210
-961
203
-338
-679
948
-960
-756
-859
-741
-328
292
766
259
-937
298
-832
654
-882
505
629
-189
535
-404
402
-906
403
-920
-668
-542
-817
67
418
-304
-766
948
-25
-851
-865
-284
426
-330
715
650
-359
-751
411
-15
697
176
-30
157
-911
-425
-885
-988
-327
-95
-186
100
-980
580
-60
-659
-110
557
-891
549
870
-329
-36
376
-760
-270
773
797
564
715
-723
-437
768
253
839
191
718
-275
-812
-398
16
533
737
-117
816
-100
-754
853
-584
925
560
-681
-533
-853
743
-490
-298
518
-762
-7
-811
-958
-707
-539
171
802
-62
241
638
1000
12
906
-487
632
-372
-614
-839
775
-277
-784
-783
-640
991
802
-433
317
-140
8
88
-415
623
36
239
-559
853
-777
463
363
140
-368
761
-638
-588
-212
464
247
-719
882
522
293
-204
-106
701
479
473
121
-960
671
-894
-143
929
-797
865
877
-242
675
492
653
714
-836
251
-915
287
112
-659
913
-131
536
-654
-768
566
-468
-415
-547
302
-828
-845
-302
-873
-537
841
338
337
912
693
-915
-49
-555
-234
-14
-432
466
207
-394
-111
-647
-807
806
937
-475
-672
-81
-387
-761
-533
-491
401
955
30
592
-529
-452
789
878
-804
-781
-737
485
-491
285
-528
-390
358
-927
721
68
-822
-577
-657
704
833
-678
-778
-314
-727
-873
-608
638
-265
-956
-589
617
-265
-215
-912
823
918
786
771
-967
-328
15
764
-640
-70
-107
-7
-757
-632
449
-874
917
-372
410
348
-218
421
-146
-217
-522
800
109
-335
-691
-877
-120
-779
-80
48
-115
-299
-681
-906
-172
-3
-141
851
578
-938
-408
437
-224
756
319
-504
818
-278
-273
633
408
658
-623
-466
132
286
-947
-540
-227
795
-342
409
-981
-847
627
-334
-435
-154
-119
130
-666
-625
976
605
-196
989
117
651
665
930
242
-650
-357
-265
170
-542
-351
416
690
-213
-572
809
-554
403
322
-393
167
857
-979
464
247
-225
-407
-710
261
524
-198
-551
-478
-522
-138
-70
-858
-866
334
312
377
971
-265
351
381
75
357
724
-235
93
930
548
-579
835
-481
215
514
423
892
861
-445
-767
312
989
829
-88
633
298
-122
773
340
-56
357
-873
-295
705
-887
-259
-128
-232
-54
-129
-209
829
-116
-854
-471
521
194
-420
294
208
-166
-648
-471
-967
382
-707
-693
780
-584
-977
832
639
-158
629
978
77
-766
-733
-84
139
10
897
-145
981
546
343
900
545
530
578
-938
-293
-306
-325
373
-487
-297
358
-473
158
-903
-131
-697
464
-493
412
-77
-972
-692
904
968
-750
122
80
-540
-132
198
-849
-115
653
-857
767
40
-995
542
-389
-626
-537
-478
-70
548
846
791
-891
230
688
116
840
872
-52
658
116
595
-464
122
650
469
-744
395
616
-578
-281
-578
-997
456
312
258
-671
-231
-615
-889
993
42
-286
579
-588
286
251
756
813
637
331
-231
85
-510
587
-800
525
-849
-883
-234
696
-205
698
-932
874
-713
-550
739
-602
-343
-120
929
-785
652
-836
482
287
-270
510
924
771
119
-500
981
630
-986
858
418
-650
690
122
-367
205
-954
-827
458
689
973
-785
380
912
-756
-405
-951
-225
-30
203
781
560
-944
114
-635
451
117
944
-50
-667
927
448
-246
712
696
-452
892
614
336
739
4
904
53
614
-856
225
-395
-671
351
-241
4
16
-191
-399
184
-964
-527
979
71
69
-581
-16
-119
806
381
471
593
-593
-712
-719
851
-385
-108
952
-11
502
-912
-510
386
287
393
672
-519
578
-148
-639
-909
-332
880
-64
116
-637
575
227
864
-451
-750
-433
711
-558
-724
131
536
573
-68
889
-880
383
485
112
-339
763
-372
-364
-714
-970
-755
-986
485
543
726
-68
-337
-897
243
75
502
-831
-80
-64
136
927
-147
563
304
2
608
787
-960
-924
947
242
-409
-768
747
-154
54
896
-777
933
-746
605
-31
835
-497
-355
199
-173
-730
705
-471
634
781
-537
206
414
-444
973
-265
-276
547
484
19
604
-426
22
651
-618
309
-969
73
-350
848
-919
176
-529
192
-637
-520
-962
704
866
484
-122
-346
300
-257
117
715
-339
-547
693
830
654
69
-766
-678
-48
298
275
231
834
379
-55
-208
143
976
-594
813
-109
-502
-991
488
231
281
423
-160
-364
-287
-94
-423
830
-984
362
-143
-446
-228
-399
-766
257
582
-403
-784
-409
491
-626
-531
-335
-121
-211
-627
145
251
-763
-57
521
-212
-292
-388
213
254
607
-161
-830
-402
-421
41
6
-973
-45
693
726
116
-696
184
-685
-832
677
386
375
-542
669
-718
-714
-775
-950
-95
-41
372
-658
547
-389
504
-507
18
741
873
-73
-539
-735
-857
953
45
-195
857
-171
250
503
-689
657
-895
-320
296
128
-218
-410
509
-319
-626
-21
-496
565
-594
-289
397
-820
-405
97
648
-498
-460
-55
579
-863
-679
-300
-56
-469
232
52
-858
-771
338
-646
487
-824
746
538
428
-152
-372
722
-336
-749
964
517
-927
-989
-481
-631
347
938
-22
-937
-964
-919
200
-377
-538
797
757
110
-140
27
746
-925
677
-1000
94
-717
795
-65
-501
-622
405
-273
324
642
-800
-173
419
-236
462
-841
-227
142
346
-213
-845
-49
456
252
40
-296
-318
-502
589
-239
2
-436
424
-432
-971
-515
337
-458
-596
7
243
586
840
-515
338
950
-962
382
-131
-225
446
901
571
316
572
-907
867
638
-907
426
-331
-211
964
469
117
471
404
228
921
863
427
-367
929
-852
-563
72
874
-813
-709
-213
175
-950
959
-454
271
-309
929
-560
-739
-646
85
42
213
878
947
-749
-7
-736
-733
911
-136
-720
-504
-664
501
927
-25
-315
977
961
240
-338
279
-923
846
436
-334
-26
-537
184
263
583
824
638
-495
-629
133
353
250
-313
296
-388
-289
213
150
-345
104
382
-987
950
-268
-113
418
482
-645
-507
-71
-694
793
-156
-260
-496
-182
-989
-844
73
-363
-977
-750
855
-263
-939
-635
-243
-750
-183
880
613
-415
474
-714
449
-275
284
-753
-95
907
308
404
-500
616
604
-364
76
231
324
-147
121
-668
-518
-425
-728
759
-526
905
-369
-283
-309
-510
469
-684
-814
661
63
-968
-312
33
-691
-547
238
-814
314
-221
253
599
414
-967
198
-596
-94
821
-980
35
714
-355
12
750
-676
611
-373
-949
811
641
-313
-563
432
-60
131
877
-72
468
-191
505
57
22
338
-900
-485
654
823
933
-504
-130
201
430
-913
-150
421
755
449
931
-696
-800
432
41
-674
-977
679
550
835
409
163
282
-95
-670
-751
-775
-839
723
555
353
534
-542
-803
-241
-716
-543
128
833
526
-251
452
185
995
-778
172
-571
185
-16
-830
-569
666
-437
-627
-361
395
-750
300
-126
102
-48
662
463
944
80
937
377
-515
52
350
-559
220
-178
-39
313
302
-845
-189
-628
196
-149
-725
-450
192
991
-689
-992
-185
54
-449
238
970
-188
321
767
455
545
922
-364
76
-876
-657
374
-332
822
-779
416
-862
-105
-812
-857
116
966
140
-379
-962
-230
-762
45
-22
-306
-943
-730
587
-643
18
-935
-201
651
295
636
60
-972
838
921
-157
-278
-988
963
-635
-339
357
476
598
650
461
-893
-85
434
-607
346
-822
-714
-673
-496
-766
-148
-123
-26
3
-943
-1
147
766
-506
-791
-573
977
-288
113
-835
-992
-130
-5
641
290
-356
-472
163
451
707
-782
117
541
-287
119
893
-990
240
-775
-728
132
734
869
824
-786
-276
-423
-666
839
222
-961
912
-196
-336
570
-429
-427
112
-746
135
607
467
965
-413
-175
962
-490
888
-82
581
757
211
161
-307
492
-663
-197
297
328
-141
99
97
189
297
211
120
-932
63
-23
969
-799
-222
275
597
-719
328
234
-561
571
478
348
-726
569
896
-680
996
-690
-615
-362
-509
553
-670
374
988
-346
-790
977
975
272
458
-18
-253
-865
700
283
-519
306
-525
-620
883
795
-320
52
245
-784
-131
-664
-586
-861
851
343
588
21
-723
-651
-284
-349
692
-911
-286
544
-784
-307
749
-977
966
-359
-836
279
-1
191
-600
-408
-858
-232
53
-489
619
358
-19
-116
-438
185
218
532
517
-782
638
-744
-952
-644
-723
826
-453
962
697
-162
286
-717
-986
-362
-832
-336
-444
-12
-959
563
-754
626
-377
558
-316
192
120
933
88
-835
-340
431
952
444
-567
-938
836
-968
-479
-926
597
-824
728
277
523
-909
-415
481
-737
-137
-501
-836
831
307
863
634
764
717
638
629
-40
518
212
505
318
287
-826
862
-294
436
-850
-468
330
286
83
869
-75
-92
399
-938
-17
38
62
998
467
-174
-589
-251
606
-916
-741
-172
-257
799
-218
402
751
-623
-488
101
269
-636
-11
519
618
832
-471
30
-53
91
-240
946
760
-334
-694
73
484
761
19
149
645
637
261
414
216
-983
722
-335
309
940
-493
502
-37
-967
819
822
-831
-349
-655
699
-304
-632
95
239
-682
100
436
490
-590
-370
-915
-145
163
641
782
-39
307
926
424
-680
327
-559
615
-895
273
-436
893
-201
-118
88
392
-245
946
898
562
867
-807
574
871
-389
558
887
-481
-11
-450
902
-311
225
-29
152
750
-299
-635
-654
851
560
211
-461
-777
158
-357
494
-15
-526
986
416
-942
836
-699
-383
499
-432
-606
-403
-564
297
358
227
669
-33
150
-470
-778
852
-381
728
-348
161
350
944
-635
408
994
768
-734
845
-324
-779
200
-92
941
969
951
-679
558
986
-479
-93
791
-226
800
-148
326
-120
-136
137
-741
-591
108
115
169
498
-531
693
552
-630
569
-43
-391
-796
-711
11
852
120
267
28
643
-827
-224
-586
-84
587
450
137
-617
551
222
-543
61
-624
-66
-835
522
959
-799
-580
176
250
-737
-18
-768
-727
591
-242
464
648
-777
-941
-346
-926
246
539
-141
-262
717
-89
389
-748
-296
58
123
796
39
501
240
26
282
-925
220
-56
-267
-542
729
714
-196
567
876
-478
-578
-211
-886
-722
-932
343
748
-383
-465
-789
145
-996
-377
562
453
-681
850
-796
-257
771
388
-699
276
513
-859
-109
-463
-829
-560
362
672
-739
-480
406
223
-719
617
-43
763
967
350
306
972
-445
210
949
-992
-931
-695
-930
-287
296
-584
-14
943
-587
-784
-408
-254
-836
563
-606
1000
-616
-446
979
-533
-670
-865
565
-190
-508
-855
820
-900
-575
-972
-186
-837
-230
526
109
805
-458
-356
848
222
-855
-710
-357
955
-276
755
-271
272
779
619
316
283
-374
356
-740
185
862
794
-314
912
-322
896
714
-880
292
-684
-6
-607
656
-786
883
-190
952
853
-594
936
317
352
-278
777
-216
590
963
417
-707
-615
-437
-454
-489
354
962
21
-323
-555
-334
277
921
759
498
674
352
326
451
686
-568
-17
929
-298
-308
-402
888
472
539
-643
-198
-185
-64
65
511
-443
-570
-392
-979
744
-11
-882
-894
-89
-475
450
-360
28
92
-691
-581
538
899
678
596
-168
990
-826
-26
992
-289
179
-414
635
549
941
927
-379
-643
-54
203
-247
926
-321
-933
-746
-327
489
665
-822
89
461
301
956
-43
-926
543
-598
238
601
518
150
290
-52
-915
192
-964
591
-565
-69
-303
-44
576
-906
-426
-418
-546
-259
442
-547
-218
-738
-26
696
-416
223
-930
-365
992
396
-534
-553
-357
713
989
875
716
118
154
-903
928
51
458
440
-627
-281
416
186
-515
-468
-378
-639
834
468
-890
608
20
-602
-486
-467
459
645
163
-278
-347
262
601
618
359
899
262
787
-121
-105
-601
108
-922
-879
-568
-579
590
776
916
380
-104
778
-754
753
-94
182
854
-274
-143
-15
-391
634
125
394
394
964
324
-641
-266
-298
-953
-87
484
-110
-661
94
-869
708
-698
562
-343
719
575
-203
-965
-267
344
161
622
596
-552
-912
-794
-457
-992
-524
-262
649
-928
-582
-53
696
-98
-241
-760
-772
579
26
-183
951
-362
677
-516
-160
684
625
-491
-974
-971
-851
-501
266
836
241
638
-563
-877
-892
556
-30
544
-196
129
-310
674
-803
-894
160
-3
763
-424
-433
484
129
265
-100
-58
-897
313
646
287
-287
-412
-83
805
202
-339
-919
-624
82
363
43
127
536
200
511
-238
492
472
-374
788
659
-562
349
595
-249
-627
-751
784
980
-723
-429
792
821
154
-909
-229
-306
337
-75
127
800
-397
-916
120
611
346
-835
-836
-395
358
-352
848
-284
20
-319
676
687
314
-813
91
-555
-212
999
6
229
-489
365
557
105
-529
97
-676
706
843
135
-189
-234
-398
-665
644
-382
-842
360
398
-268
-300
127
665
-532
-281
-462
642
457
746
887
-437
802
-320
-473
-26
-668
123
986
335
656
631
-614
-432
-981
980
181
-962
-844
-409
254
-435
314
-753
-471
-88
-218
-198
811
-125
-331
833
563
-623
-951
761
-838
-785
-492
-859
-718
72
-103
-198
-659
344
-735
-495
-683
-924
-264
348
-409
473
-972
-449
-686
265
482
7
134
-818
-64
248
-728
-975
-254
597
-652
-40
444
611
-457
-897
-999
997
-590
912
-587
-315
-368
361
-324
-918
-319
-199
-885
-345
-284
-105
191
628
-819
581
735
138
-766
797
-530
-803
766
-571
486
-996
56
-998
820
196
140
-142
-867
-523
439
704
-525
-916
175
914
119
670
492
265
52
186
23
-174
318
-309
810
-933
338
-560
-863
-415
396
-949
268
345
199
612
-822
-521
536
-569
-522
632
-200
-496
427
467
27
-962
170
-153
494
-704
-281
713
558
641
-348
-53
86
-345
-986
-563
867
49
917
-788
72
334
-609
39
-510
301
-253
-750
555
-106
587
855
-963
322
-426
309
-749
616
-235
-906
-293
552
432
715
-408
42
-672
-954
902
286
275
123
-691
656
-2
-532
-717
84
-122
201
278
-336
643
-500
365
-578
813
587
-482
-744
852
-645
-514
52
-494
602
207
-148
7
-598
593
391
-221
-477
884
-614
118
146
-915
133
201
536
-745
66
-135
807
582
-510
-269
-21
-941
936
135
-152
-885
-663
948
-624
-766
78
-334
-129
148
-617
-652
-508
-747
-493
-606
-42
-76
424
-419
95
218
-705
-608
-793
-794
-129
640
252
82
401
-62
-274
-239
-683
399
-622
-345
-491
667
108
-553
718
-190
948
-691
523
408
595
714
-551
200
210
-635
831
715
-589
99
-107
-380
-268
938
-131
916
-561
426
-688
-870
694
-553
143
339
731
124
477
-858
-683
914
-100
555
25
466
-762
921
-878
-599
51
-501
-708
-801
-617
-402
-507
205
137
176
-262
-414
703
-494
87
-578
-749
-774
171
-627
-85
360
956
97
-602
780
-518
-451
-186
-616
98
401
-276
-680
-200
194
983
-600
787
-859
857
-876
504
-588
678
987
-986
161
426
617
-254
14
287
304
-648
-391
-210
-621
-177
880
985
-969
-85
-93
-429
473
267
-429
-236
-738
300
24
-703
-66
92
496
-281
-894
95
644
38
631
838
-91
827
-206
-478
881
-939
910
-524
-658
-595
-927
431
124
51
678
-859
951
733
718
-656
626
-239
429
178
198
-410
94
-348
-588
-875
-775
382
-371
478
-770
-756
747
-111
-76
747
-812
-294
633
526
773
380
298
691
972
-692
-187
-618
-113
-975
-706
-15
475
-849
412
283
616
-917
-469
398
-279
-767
200
362
-649
-86
168
330
-888
482
10
986
964
-288
-114
706
-705
-105
-397
287
-304
-57
-910
982
868
991
-350
423
409
850
-733
-590
710
-265
-285
-688
147
-30
-725
-361
-262
-959
-879
-649
497
-281
-284
301
-231
-578
-501
681
-491
405
531
-551
-704
764
-392
24
-787
865
609
-833
-246
107
-748
801
-99
718
-242
234
973
910
-829
52
791
-380
558
259
8
-546
882
-334
691
-312
703
53
933
-968
641
-585
588
7
-605
-38
502
261
-424
800
590
707
-98
408
-681
101
-653
-761
-232
-488
761
-248
821
-975
-167
930
-947
314
777
-965
849
-801
254
387
-851
72
-1000
-929
597
321
435
516
-959
159
-352
-176
-51
-453
597
-830
-436
-428
-211
-923
-375
428
782
-584
304
118
138
951
556
-690
50
154
887
342
-881
-112
331
-581
-100
993
823
-534
522
-328
-657
922
-162
37
99
551
0
-564
375
840
-648
835
238
782
-14
-644
-898
4
874
-884
224
-590
504
-479
-649
-196
-775
401
-525
-945
196
239
631
-509
-119
-154
-322
-348
291
390
-437
843
-651
-492
775
-808
-885
-876
476
-288
154
826
-942
282
-763
-1000
210
189
797
625
-346
118
636
-598
110
73
329
-932
-927
-702
-353
522
-635
-258
-817
-120
-216
426
81
247
152
-938
388
-134
721
-752
-328
33
494
-67
-749
-441
362
-149
-864
-91
690
342
264
-611
-600
491
-8
872
468
-111
415
759
-731
39
-61
-903
488
-790
223
-362
658
368
820
770
142
-377
-592
-652
-688
-772
-780
914
-409
34
-973
-10
786
-477
695
-219
-575
-505
-771
127
204
405
528
-163
267
156
-736
-448
-150
836
-158
-655
871
663
-913
-77
-647
111
-70
70
668
-221
963
-94
44
-935
327
340
245
-518
846
255
257
-518
798
-610
916
-871
773
-660
176
-433
257
832
-860
-190
803
-398
180
205
837
659
850
-389
-514
114
-547
-481
-34
-900
-245
-247
863
-303
-948
-28
966
-168
284
528
-158
-837
-948
-349
-353
-141
452
-842
455
-226
-724
542
973
-2
-962
-782
-121
-403
-234
-347
219
473
-215
-859
761
-14
-356
-76
4
-736
579
846
872
968
673
364
760
972
329
-601
-739
143
715
156
-128
742
268
-920
-391
-543
-411
-793
-871
-186
-496
-399
952
70
-996
-269
888
352
577
430
917
943
-874
-555
254
429
-347
-55
487
117
122
209
-987
260
294
511
493
82
-547
404
-792
-487
-785
-464
326
254
-615
-920
658
848
-847
531
461
767
-814
234
-835
211
-742
377
583
-544
-156
-905
328
932
-759
852
-730
-970
-247
313
-516
-639
981
657
498
834
-136
-911
824
-503
380
957
833
909
897
-263
12
962
624
-759
-626
913
792
-776
-580
430
-766
298
-559
112
337
-915
969
-581
-868
132
923
950
-756
-56
871
654
-211
-745
878
715
324
232
862
-640
-769
510
503
-784
-337
676
-705
-204
695
-117
953
673
-489
404
174
372
234
284
51
35
818
-577
-562
543
555
809
-710
-494
837
-724
168
-83
-665
955
-180
810
737
-288
-670
-119
778
998
876
-308
-996
-521
-663
-344
-90
-665
-604
763
-697
862
589
-812
695
554
-254
442
-808
274
-364
730
-329
-867
574
-611
-534
-520
-67
-291
-297
698
-749
528
129
-993
-645
-538
1000
807
-405
-489
827
679
-406
550
-597
578
34
-385
-218
725
-713
-311
653
-262
537
-794
-763
-556
-991
454
588
-789
-152
827
-665
-915
534
813
821
245
865
-627
-72
36
-460
-493
-199
390
-676
243
-355
523
-2
-995
-737
215
882
637
923
609
699
-170
-461
-231
755
-402
749
-859
480
-232
-830
151
799
959
-947
349
108
73
955
-64
331
-857
-714
789
318
711
305
304
833
-238
63
-764
-251
-784
-408
271
-427
339
-442
-77
-816
432
-390
933
676
52
-261
-93
721
42
-628
-915
-59
824
-916
-640
528
-720
-311
917
-913
-887
-923
617
-417
823
293
-990
-774
983
-213
-680
-237
105
-408
-184
-723
-261
445
245
-174
-272
497
-217
-277
264
170
-834
38
-722
643
-717
-454
445
777
-975
767
-471
-917
-464
-530
205
-8
876
946
802
122
442
415
-784
103
-431
-502
-982
468
817
770
-223
455
981
779
723
-248
-677
637
-103
-191
66
-468
732
-123
-369
-940
-901
41
-152
-831
399
-467
517
-797
315
-576
358
392
-940
-287
768
434
304
-253
-758
304
-524
-446
-169
-579
-811
-638
713
41
-180
221
209
715
-122
-550
717
-729
-105
-171
-565
298
763
-271
-161
136
-449
-417
434
-527
934
-340
973
-363
-945
394
-821
618
911
155
354
-636
587
-873
-262
-847
-394
134
-308
579
-847
616
-87
662
390
-507
935
-442
-780
571
-629
-357
-130
-187
893
818
-283
986
263
564
415
941
-631
842
-819
-178
-362
-290
-971
523
33
-995
-489
-413
-728
143
454
-507
638
330
726
76
989
102
-966
-4
-992
982
871
324
82
469
-427
-408
586
407
549
353
528
547
11
506
-388
499
774
-385
691
-858
-857
427
-100
535
-730
344
931
-469
-774
179
-318
885
806
517
40
463
-161
-446
-178
-785
-502
-409
-206
374
950
-795
-769
-789
-384
301
-534
-759
-896
-741
-804
980
-421
804
262
-94
-707
-64
-985
-344
605
-34
355
800
-754
254
-208
-886
876
-135
84
614
365
447
141
-848
360
665
-740
-298
914
-938
759
-585
172
-906
-487
-675
924
-203
-537
873
983
-759
890
-462
-582
766
-235
472
-283
-378
-803
-669
-662
-95
-89
-944
-783
927
28
663
-575
-389
179
603
356
682
807
957
924
-524
-991
-493
-988
-744
-451
-73
759
-657
-966
-705
-806
-756
-293
-979
162
-964
-212
-219
-508
-501
-37
-101
4
748
147
-244
40
-153
236
-996
328
872
-677
-990
-628
809
-859
-288
675
873
704
547
-187
338
484
890
876
-553
253
-260
951
564
-181
-245
815
641
945
-494
321
-743
64
-71
-240
433
9
536
523
-753
335
-227
204
347
330
-552
475
828
993
-526
-617
951
245
493
-931
-377
267
-263
349
-662
-550
-499
686
-826
284
632
340
312
-25
526
605
-369
6
667
-931
-826
-962
894
647
679
-994
-394
391
35
-906
86
900
778
408
-195
369
-224
544
-850
908
204
896
409
-473
514
-728
340
890
-808
276
305
1000
177
217
-644
-525
805
957
615
-625
-773
433
-152
715
-406
-355
-868
-510
405
-704
-596
105
-944
750
107
119
929
810
-471
495
-13
-967
595
510
-183
-886
-843
-540
463
-466
-682
-886
367
333
-67
580
997
-522
-213
164
615
692
449
562
512
916
-721
-162
433
288
-991
513
-908
983
-986
607
341
-525
887
650
271
222
-366
897
-663
-137
-864
-330
-64
551
-871
265
257
773
143
-21
762
-591
-647
-138
-293
141
616
-824
-130
-432
-359
-423
131
-410
-285
-905
107
-247
-116
53
-393
-817
-450
314
-317
-562
-137
-181
-277
472
701
-860
846
144
882
-508
-547
221
824
661
385
202
824
-155
-985
-896
-241
-95
228
-284
-162
14
-591
574
-448
903
-755
-838
716
836
-431
852
-595
997
-132
958
-138
-588
-627
25
225
340
-136
-10
473
489
116
-976
-731
22
-546
-372
-925
-460
347
529
389
202
-878
-686
39
-975
411
-36
-198
574
-658
461
-225
-690
-460
-342
-287
-471
-660
-729
-129
935
-634
-434
509
209
-329
-366
-158
-579
-830
284
-217
-239
-471
-700
668
344
509
-232
700
645
-89
-757
-10
875
-14
-544
895
766
-927
264
-962
-659
528
-919
-571
-102
708
-593
-598
799
556
358
-331
-148
14
-211
887
155
924
-413
820
-101
-183
-307
667
-128
-719
93
367
-106
-663
-179
-88
44
-977
-306
238
-68
-389
727
410
-411
-344
245
-630
378
284
486
-522
686
-882
-60
272
564
-785
406
610
854
325
434
-867
-320
94
-534
33
-545
-888
-450
-240
420
-137
-327
-976
448
-482
-260
985
-214
-428
903
-432
-622
-338
974
746
-998
-810
230
714
119
571
344
990
-72
466
605
-229
-559
-786
172
963
-675
902
-520
345
172
-165
247
-844
810
615
564
-967
929
-532
568
-609
438
265
201
-528
1
903
-52
-864
-983
183
-841
-179
-880
475
351
-214
-182
0
789
387
542
-570
568
-64
877
-511
-646
-430
256
881
515
46
290
-680
-33
-452
129
-625
-737
338
193
548
988
230
892
37
1
-184
-458
-71
-542
-34
353
-294
140
-607
-356
689
-732
-435
717
820
-846
151
785
-250
3
-44
-642
61
-267
305
734
-986
594
270
366
357
514
-424
-511
-851
910
-169
439
-309
-79
-26
-719
772
-698
53
-406
-575
-495
-462
-291
108
-933
909
-916
447
-309
139
993
-571
-322
-976
-337
991
-118
-788
277
18
-477
-966
-876
-998
-804
698
296
116
-20
908
-992
135
-406
-686
-694
47
-823
-690
717
678
-1
890
-778
-908
402
281
682
-334
465
-937
-918
-639
-306
-794
321
41
658
-42
-244
816
914
878
-71
831
165
36
-462
-905
-997
-652
-632
-573
-559
224
573
-654
-52
740
-718
-649
553
569
-469
89
581
-249
269
-30
905
-890
-173
61
98
-183
357
-515
912
370
807
741
-791
-123
766
801
-453
-440
54
-698
140
919
695
-688
877
-890
741
-728
-826
-703
-968
684
841
-773
-581
-338
285
-304
134
166
683
104
-175
34
81
305
389
-119
808
-274
-344
569
411
-742
-162
-967
-638
541
-833
401
-773
-697
-379
-705
-105
518
556
965
-907
-607
-107
-194
-19
-548
-974
405
937
805
-537
-271
-987
-413
-327
-892
312
-676
-750
684
-339
17
-510
827
-706
12
876
746
914
132
-163
-40
854
-838
-456
59
736
99
989
147
175
530
116
870
118
-536
532
191
-700
923
581
838
106
755
133
-606
238
-360
605
-121
-532
-397
-744
-628
100
656
-741
-867
594
-653
366
-582
-612
-24
-95
85
68
646
213
358
-866
437
429
-298
877
-747
-425
635
671
65
-964
18
220
-981
53
-502
418
-665
499
59
-397
697
753
-195
-56
620
-166
750
383
-713
-688
412
209
-587
-390
-653
-945
-971
-883
812
-741
848
-155
760
-821
800
-198
-339
-210
-735
-848
-250
-343
64
588
357
16
-117
-489
-493
842
-990
-93
796
861
-390
-245
-343
925
-44
-31
-112
-517
986
-231
760
277
464
600
-980
485
867
385
-831
400
415
854
-163
897
-535
949
951
-525
522
906
326
-799
464
-183
-160
-686
-808
-124
475
485
459
577
-360
-744
-339
-737
563
636
229
527
126
827
-938
-136
869
-184
-352
122
-327
-802
739
737
305
364
202
132
754
-840
-309
-858
980
975
107
-859
30
-332
31
-253
-785
398
494
-577
342
-719
496
722
127
179
-180
843
686
237
766
972
-331
-477
499
-598
131
-646
-279
-140
409
177
-247
573
167
-334
732
-2
-180
-69
-387
898
70
-615
-918
975
-700
814
548
950
-391
-634
669
-553
206
341
-762
-760
-155
699
389
-707
524
-439
-581
-802
-482
436
-817
-176
-438
-115
857
284
546
-24
-813
-672
592
-803
633
727
587
-37
536
-786
178
-86
-615
680
-884
698
-163
9
544
-26
-17
-198
-132
178
251
-78
646
-239
-568
202
463
455
-108
-628
659
-819
-200
693
-436
808
-40
-772
415
-354
917
126
739
90
-716
407
774
-692
371
25
905
-219
-994
-623
-987
-220
352
809
610
-874
-503
913
-252
929
-736
-775
-253
2
781
876
-959
187
-118
838
-731
145
194
-647
-864
-847
520
109
283
643
752
800
183
-560
-71
-980
-324
-985
-674
-187
100
713
636
-77
-154
-343
-677
-976
-18
-645
-24
-393
569
242
-797
235
682
602
189
748
509
234
738
575
-461
-394
-441
-679
-728
820
275
385
-586
-504
-204
358
598
-355
-585
357
-913
274
-709
7
-878
-240
609
-883
545
-527
783
704
458
680
600
-847
-663
944
185
-901
-179
-938
942
-448
-983
-640
800
926
-157
86
226
-837
61
99
920
-56
189
580
-458
-357
855
807
415
-264
504
409
127
-931
-542
766
-882
677
148
-193
-672
-136
-917
594
-452
-270
-459
958
98
781
424
-943
842
299
-997
218
636
-610
143
383
-308
205
186
-502
-208
-434
-73
677
391
-708
592
142
955
-958
-279
973
134
687
-947
-462
132
-673
481
-161
92
539
661
600
-603
-890
-323
205
568
467
-360
819
16
-66
346
178
2
798
-998
-645
-591
-469
-53
-522
-267
-818
-450
-107
-443
-959
-496
80
590
142
968
649
-997
-315
316
569
-653
104
274
-563
604
-708
239
733
180
-798
332
-531
956
-60
780
-904
-602
-736
-348
-245
-779
-224
-330
643
952
-213
-846
857
141
-880
-446
-274
895
-809
713
-146
615
-623
-142
-646
387
528
164
-300
-306
-899
395
409
-782
549
377
846
703
923
-573
-183
-621
748
166
360
-865
-545
379
48
681
-607
380
124
32
420
761
477
-184
92
-741
428
-221
-408
902
220
942
-822
-844
382
553
-681
-949
215
-554
845
740
117
-792
747
667
472
-961
509
-407
944
-996
27
-687
-143
-54
441
327
-665
-696
-553
-987
912
-770
496
712
314
-574
610
292
449
396
-123
217
-851
521
-192
598
-524
295
-442
-876
667
202
-783
265
-127
-537
180
180
-720
-826
112
-904
-208
-868
-215
874
325
-63
485
-67
758
-749
808
-300
66
-152
-812
234
510
-174
-117
-111
758
-270
-387
136
356
-579
-419
923
-938
335
-580
389
-828
336
996
240
-495
-573
-762
-133
-228
549
628
560
-400
789
280
186
-902
992
669
-469
329
29
-982
633
566
-640
-33
-764
-671
708
-748
884
-199
-120
92
945
-874
-373
-479
744
-903
845
-659
-393
-679
512
768
376
-625
-400
147
889
-925
341
-457
861
82
-804
-193
449
619
-242
-655
-886
-361
695
-520
675
858
-556
220
278
-784
132
444
178
479
561
-991
117
-960
-2
648
-71
11
-421
-21
-751
-586
354
877
397
663
344
-20
-184
-960
403
460
-428
-71
-67
478
155
864
-197
722
170
-137
862
-886
441
252
-141
-323
134
379
-855
-269
-257
965
-693
390
959
741
-21
-273
759
742
691
944
159
653
793
-142
106
-146
961
-234
-334
330
-749
-326
467
16
-674
-27
-155
635
509
-981
-649
214
32
-356
-5
-248
238
649
-524
-821
-265
134
209
-600
-892
-56
650
969
-790
-530
39
-754
526
677
-611
-506
519
367
131
-403
-273
-140
437
224
-392
730
-480
-261
848
-688
122
-960
-3
376
481
683
-500
933
158
80
-397
-720
110
454
-100
230
-591
-375
912
-763
760
-882
-186
-341
-705
2
538
655
370
941
-466
882
-64
-159
-480
468
496
24
610
-148
5
-325
-290
-691
762
-99
-736
-91
-215
788
-209
-565
816
-407
-433
315
589
-868
-429
-765
193
-808
545
-976
-901
-727
-29
-241
-300
-749
-834
393
-700
292
863
-444
-757
-523
807
679
-551
-34
-372
-846
-70
-52
-215
108
931
-710
-73
448
954
666
-320
-908
402
-602
793
549
19
-152
-227
-27
666
651
-959
835
774
-526
872
977
596
438
-22
-601
-412
-616
-77
980
-53
-92
773
524
337
-590
-158
-537
815
-525
769
-438
-133
-862
56
129
16
-118
924
-230
999
421
713
711
-379
-732
-130
-820
-863
689
-277
895
489
73
413
-426
-105
-267
-598
-726
-876
5
-753
357
666
119
706
-124
372
-407
685
139
860
485
194
-290
616
290
-688
-172
-299
-718
142
39
-812
421
941
993
505
-644
-932
546
-205
67
-955
-749
459
177
926
152
-406
-335
586
198
-58
856
-300
-636
38
746
143
-216
-856
-266
701
443
-178
-108
505
627
-393
-375
-695
-75
-535
-720
535
170
-409
-926
-292
249
918
120
-313
917
737
-658
365
-861
818
-206
809
-940
334
-459
-858
746
138
654
530
-233
252
763
-804
155
-21
-285
-663
882
366
497
319
216
-809
959
-454
702
-263
914
29
-256
48
57
926
-885
-310
615
432
319
-351
539
-868
58
-772
-811
863
-682
-158
226
894
-185
778
-912
-379
-61
-683
62
-676
-670
754
-84
277
-104
106
-559
-878
676
184
-995
-924
200
495
-375
-987
-57
-261
581
-332
-902
-981
628
503
-729
515
848
800
589
618
-473
-912
874
649
-428
-943
-497
-426
-135
-773
-703
-71
-145
-122
-966
-29
258
628
361
331
-704
-133
390
-771
245
384
650
-295
184
-303
-326
-61
363
597
-256
920
-627
-982
815
-934
-549
992
-987
73
827
-445
-990
107
-995
130
-326
795
329
243
-960
-228
713
-766
303
-800
-921
227
-656
-423
986
-59
461
404
913
166
-942
632
587
989
-409
552
389
-215
-819
-520
-465
593
-988
891
851
41
976
317
-602
-739
-776
-239
59
-884
-177
-452
-887
54
-340
422
-888
216
-237
648
688
537
180
465
997
189
-319
962
184
-280
491
892
346
635
-959
338
52
821
8
-369
-815
-502
836
853
954
-30
-694
-870
-849
519
-810
-79
999
254
65
-575
-253
478
-357
705
-389
-775
366
443
216
-643
110
999
-952
671
-776
458
-994
411
657
368
-769
-991
-12
15
678
997
-460
666
-559
652
30
890
750
165
-325
679
-326
-764
68
-865
124
-521
-546
-657
604
859
718
672
128
-290
-455
223
-827
-836
-892
60
-599
838
-339
-382
-417
-580
-477
799
-798
-596
-558
679
-897
364
-540
-173
71
515
-903
361
-618
192
458
-248
475
983
801
-671
728
287
570
-977
453
825
973
-740
992
-765
-656
957
-38
270
650
745
882
-489
358
-60
640
-728
-171
793
-825
815
-791
90
553
574
709
-853
-356
853
-747
-936
-936
943
-566
-571
-894
607
319
131
-95
-228
-259
583
-270
649
809
971
-316
520
-730
-954
563
-15
-987
605
213
-314
-345
-191
-81
-34
-333
137
-856
422
-104
438
-888
606
981
-22
-966
283
168
889
748
-60
-572
710
225
-485
861
582
-31
965
456
585
943
581
872
-421
-456
572
183
465
-478
605
-68
-35
968
-756
822
364
-837
-641
812
-829
498
699
766
-334
605
-818
-534
-881
911
-301
-222
-467
444
-572
-289
-722
964
-53
-276
556
-364
-577
-462
134
-121
-155
450
305
-761
455
-638
974
-588
-608
-308
115
758
-938
202
-968
621
-82
736
-7
-424
793
-468
-829
-59
598
-25
734
-990
-762
-536
-74
-973
364
-462
316
-410
-539
-787
629
-388
-699
-602
-620
-555
-118
-628
918
358
384
-209
-385
104
-221
-105
127
-738
835
807
-958
92
-193
-590
-843
508
237
-768
-309
692
292
427
-519
-13
397
419
5
775
-504
725
640
-892
131
-152
874
915
-399
145
233
227
619
-133
-953
-545
942
774
-785
-1000
875
865
522
906
-162
-247
543
-553
434
306
-686
407
900
-381
-906
-525
-189
356
-363
175
753
-357
-343
-277
816
-779
46
643
-858
871
-708
-57
-566
442
-346
-360
324
227
308
-929
115
-68
-857
402
403
130
966
-99
-152
-929
14
159
301
-227
-423
422
-470
-330
-484
-788
-435
215
179
-674
542
802
-243
-460
-913
220
-281
456
216
550
154
-711
787
-405
-409
-17
-799
-918
-870
-95
-891
-123
293
-290
-904
-414
-5
681
-552
-235
-109
-250
-732
146
568
333
-688
37
480
-535
644
212
-594
-934
-386
338
-505
-601
-544
-32
304
-318
357
-402
-331
744
856
-952
-442
-292
-812
-645
391
-440
906
550
-841
278
-64
-645
-102
657
-561
-929
-262
743
-191
-887
-688
-504
-8
734
372
907
780
124
-372
-48
285
-687
-868
279
682
-211
417
-43
893
477
-665
446
324
-553
-383
104
824
485
397
-692
717
237
-248
995
-782
-766
-122
567
872
-296
441
-860
174
135
308
-343
60
-709
-124
-482
-367
-896
606
106
-138
-795
91
-427
-446
-42
835
292
703
-164
-263
977
-921
-827
-302
145
970
-152
115
-915
-385
165
772
-744
-720
977
459
-267
-669
160
-611
835
408
-815
211
-205
509
-724
690
218
-989
9
-460
-979
342
226
-566
-680
296
-150
982
582
-368
-852
854
84
91
-535
500
-89
-186
-92
854
774
890
-157
-351
-423
163
358
-375
-17
-398
-4
-190
735
-917
-478
255
837
29
66
-780
-54
-591
659
684
946
702
-316
-970
-166
901
-937
-178
150
-732
27
297
155
425
772
378
-88
-135
855
656
392
103
-555
-661
519
-738
663
70
-843
-190
75
-371
-240
683
292
744
-576
381
-359
-619
-523
-774
-384
-11
-228
191
-604
89
-621
-188
-913
125
-965
-904
837
836
473
724
743
811
-640
15
148
26
-912
-902
-167
-117
-223
-136
507
-555
-182
185
445
-392
397
-280
-661
48
332
-633
294
830
962
827
-702
989
-173
235
-823
-45
-896
66
450
-936
764
-492
75
-58
353
166
647
676
538
873
-611
306
177
647
610
237
-390
607
145
879
-478
726
-346
51
-165
-140
277
580
-191
-24
-980
-678
55
609
485
428
390
-937
-835
855
-68
996
409
39
467
-588
-712
691
678
-845
420
417
693
182
559
780
-691
652
-379
832
-680
784
-104
267
-690
994
521
236
435
91
977
797
-811
-289
-711
-158
211
190
92
-445
-599
909
-71
930
-158
52
-569
-959
-690
-889
-408
-673
-477
186
823
-558
-929
331
614
-771
560
38
-907
50
727
-944
789
-51
-211
463
-845
508
151
-872
-413
814
-20
-113
-450
-784
90
-255
432
-677
-646
-592
-555
889
-27
687
-52
899
-297
-719
-995
-79
138
282
861
763
-516
68
-486
57
-601
203
-285
23
67
783
-574
733
814
-166
266
-922
-102
624
843
532
935
-339
78
-574
374
462
-198
859
827
-371
-241
13
-500
-67
192
-406
-632
-988
560
827
-235
-273
-276
-501
-443
-593
-238
280
802
939
-395
273
154
678
848
511
178
-698
112
-987
-994
-159
892
284
