-402
956
616
32
-394
23
-211
-488
377
-193
602
608
-408
334
-474
-174
-114
-813
36
-921
-793
-954
658
-423
-423
324
-138
-287
-229
45
963
359
-720
745
478
43
952
-552
-262
-550
-922
978
-455
-84
-302
-681
832
-572
-541
-11
322
892
-86
-804
306
-605
-690
-331
-317
339
248
916
-386
640
-659
-992
-843
694
-120
-796
518
569
-48
156
136
-760
83
439
284
-443
-747
-873
458
375
156
954
815
658
854
-662
767
55
-609
-54
926
756
888
56
781
-378
-96
437
-765
566
127
-865
-52
461
-234
602
-54
-484
-658
155
423
-819
436
436
277
-517
999
341
912
-829
-132
-293
-670
566
39
435
660
419
178
-781
555
-336
-225
-263
246
45
-19
-574
617
-194
-726
-461
72
-326
-902
817
-1000
-87
-215
446
523
-444
827
-295
-99
488
-354
-304
216
-368
-248
247
43
-67
113
255
-988
-854
229
-302
-32
210
-371
565
-97
800
888
-474
-927
-349
396
676
416
657
-886
41
-471
-536
-449
-336
442
-604
-126
-895
580
-838
709
-275
-664
-613
-172
165
-754
81
-426
-86
225
-443
194
458
462
-297
798
648
746
413
364
-446
-961
-545
806
697
510
-833
-454
-440
-894
-780
732
-174
-347
774
-134
-708
904
570
648
376
-861
-123
710
482
-307
376
-903
-915
820
191
-866
-776
71
-185
264
-73
889
410
835
363
-513
-587
778
209
931
312
-219
595
917
382
-515
966
644
358
106
-145
171
-728
972
-491
82
204
-416
697
-402
-114
328
-327
-26
302
932
111
504
-798
-230
757
83
382
-184
27
51
-12
719
363
-438
840
-196
-891
-540
-476
-60
-492
-937
-31
-781
-360
-203
-58
-423
452
-78
-855
710
787
410
-213
983
37
882
-918
730
-706
-920
-627
838
641
-849
622
-277
-106
-12
841
-650
391
-498
26
-43
103
-373
-897
-198
807
-995
618
97
943
255
446
923
-898
271
848
-491
546
-256
428
-312
916
349
583
-255
-660
-806
418
971
753
205
-136
-375
548
-390
-265
-156
290
-320
-971
-912
-152
156
797
592
-124
-226
829
77
-126
793
-566
-666
-416
-202
697
26
856
-677
-397
-337
-53
-456
549
-522
-657
-520
778
755
-416
563
989
996
-752
-848
-258
574
-401
-466
-177
-325
855
516
-601
-395
-308
519
28
330
-707
-742
-819
524
797
118
-162
-971
-191
-946
-520
-417
-252
0
484
-777
-964
524
-847
-605
102
-856
808
-797
-353
134
-515
850
189
447
691
82
774
-5
125
529
-919
810
-110
530
-408
-936
808
827
123
549
843
-755
357
129
-916
298
-399
833
155
731
970
-119
795
-150
-29
-354
580
602
-56
-757
-834
-81
373
-919
-949
961
246
780
419
776
-679
845
-361
586
971
582
494
834
711
-246
160
954
-442
305
-298
-567
438
361
-780
-970
321
-718
875
457
83
460
847
-255
267
-365
334
152
-64
448
-182
-931
907
-170
288
-532
-897
-848
327
174
-784
322
318
514
-330
684
-329
106
372
-494
-802
-903
-257
372
941
-108
-489
660
784
796
634
-333
-248
491
-392
335
244
-940
448
84
4
-109
-517
-620
-614
260
-535
833
-364
-15
930
189
295
328
845
934
226
334
489
812
372
847
-962
-384
-353
-97
-429
-883
-412
-959
-612
132
405
706
472
-788
6
-321
-314
-385
252
-671
529
-82
-777
-626
917
282
473
-612
-257
751
221
-433
-785
490
-388
358
-701
792
126
-179
619
-93
686
600
285
543
646
-137
-157
-62
-160
324
220
-712
-664
-899
616
553
582
32
-657
609
904
439
962
-36
-367
423
171
938
956
699
-297
552
-273
-52
649
-560
789
516
-144
286
-151
89
-618
-968
-55
-962
423
-82
896
-487
713
312
346
728
-447
-167
328
-124
148
-260
302
126
445
-148
-672
-350
48
473
-698
76
678
542
423
979
-918
277
645
-154
363
-635
-154
101
365
-16
-375
511
309
-69
-710
420
-57
255
620
760
-447
-147
898
-338
704
-586
889
-892
491
-167
-41
196
549
227
820
-546
-989
-239
-337
-88
28
252
944
-126
464
369
-133
896
-96
969
317
-188
639
39
-787
64
673
-82
73
-990
761
-759
504
-26
575
389
-326
-445
882
-406
-213
507
-544
810
992
-534
98
360
19
965
199
118
-518
-858
740
162
-719
-593
879
-93
138
362
399
-78
250
-429
386
33
774
-426
-165
-115
758
-890
452
163
572
-67
-996
246
250
-553
-159
310
101
307
-445
-750
-181
-641
-392
29
647
-19
-963
864
-591
-993
899
801
-612
715
965
-513
-700
-867
318
-63
-411
970
-195
123
-170
267
-242
-971
-170
280
-339
121
49
282
412
652
-950
762
201
518
533
-811
875
954
174
-880
641
901
-755
943
639
-744
-904
568
-117
-91
596
-538
-337
362
152
212
-368
-605
-967
-662
963
-954
-964
-773
1000
395
-415
33
-287
960
-133
33
60
500
668
995
-918
-680
-578
28
-583
-146
650
687
302
-772
-9
307
352
-802
316
582
-790
143
-36
322
-145
-209
-192
26
148
217
-477
573
502
300
475
-129
-140
571
820
470
-680
761
534
328
469
826
390
-385
-391
267
-85
-514
621
235
-391
-279
-413
-72
-427
-345
566
854
513
628
-583
754
488
-887
-152
482
648
501
-730
1
-315
-318
412
-517
759
